[638232.6331377684,
742800.53859839,
266643.32920790167,
373191.1577540218,
766284.7959948345,
333203.6964954322,
385489.69287065987,
212363.24781477,
507122.22796372196,
330336.717813784,
209546.8692644734,
293752.3147806434,
276982.5577230692,
213893.8510233222,
124830.33491294962,
103488.76935769268,
197195.44562857575,
69299.47275684991,
74534.9143718923,
224857.68637557482,
122654.83768768069,
42828.03324388388,
115593.28141541244,
119797.50758510499,
64829.803816946165,
68797.55309305277,
101501.72870982584,
144561.92689003662,
57572.79331322694,
32251.174843576096,
97120.1553154371,
68762.52215064768,
17540.030907813118,
30870.12370677829,
72755.83435603054,
46306.115984624805,
108959.95722908092,
76139.27965032797,
60538.80269992419,
55392.49532844076,
73492.13597280569,
60479.591852622376,
111586.65244955577,
82664.83864353521,
51663.1361422597,
41643.279994533645,
64478.250432436915,
32870.81598434956,
68498.38764601304,
26738.980782010018,
39542.27850973143,
45979.913083442494,
63568.87243463857,
28693.55650921123,
30017.80490047126,
60045.71734075564,
58288.88998441342,
48926.87332898651,
68440.49030132014,
57449.97126336848,
70059.07329727779,
74045.25533020569,
31728.066581800882,
29049.77385509082,
50440.80359294612,
25861.846473157028,
39860.11142730487,
33613.3364400413,
52154.8389257835,
65892.2382080534,
63046.425205275336,
46541.99718994774,
31705.364167518776,
50264.11582545913,
27643.181070484578,
22347.60145202979,
14956.333026261369,
33306.920751929356,
25517.92367009925,
21048.55755411802,
32340.354227699037,
23762.375921558596,
36659.23040068317,
31575.306099047604,
57178.20975602647,
36159.298517545,
11895.735263611294,
25551.989823994,
35219.676598787315,
38305.589489326,
27895.040224960463,
30304.225257235194,
17794.5452787712,
16951.53541260381,
25844.997844713947,
15839.208559480783,
26981.43264305927,
29566.59296705629,
36870.37160761385,
16913.429076079425,
22717.83413664728,
23094.186039734315,
20103.877641682615,
27376.527527793143,
18345.454416829984,
14768.403394491947,
27254.446657248896,
41146.30555605619,
23186.187243039938,
26947.334961370063,
42016.820937034856,
31617.289305864764,
21018.89913037328,
8376.897205703617,
27394.622127697985,
47969.268311494045,
15325.558801118681,
19091.604949594846,
10678.968036008218,
23005.62019907398,
19108.30338059757,
34466.21325739009,
35112.86024475559,
12160.348891772908,
17046.417379055747,
22199.982525941927,
36821.9337511491,
9941.059049107505,
13361.501054761267,
20078.278720689224,
35070.02547469248,
21336.31831638297,
14600.020071786897,
22926.899640915726,
8276.640042990677,
34065.660106754316,
18477.922876660035,
23230.80995392027,
25663.71834802968,
17402.185109712816,
14921.42031008061,
14691.505311068526,
23301.981240523055,
24465.62462888541,
24170.839517127642,
15972.52471713616,
21837.567573803302,
25372.11139804373,
19998.313145167012,
15420.639092344692,
13427.342184373207,
12002.297624340921,
60396.934890014214,
13640.579483152591,
8477.473365458283,
29859.323600038268,
11102.918280219825,
20795.14971309599,
14266.267838693288,
7695.257882763491,
15279.65392788717,
33770.43443906999,
15636.170507275066,
26636.59151944251,
28088.150293536957,
8699.216996733408,
5117.129698810927,
41854.62143062188,
9185.605468599646,
11566.656651636944,
7910.107053694934,
15944.423321005534,
13309.195457969738,
11767.913512816547,
24978.75666944292,
20502.582934409824,
12852.914707979242,
12528.228816997911,
27663.54820711702,
20416.171005420394,
10275.844015341752,
29988.94652075919,
11202.9249433396,
10554.779675987604,
11153.567714434348,
38212.346390993465,
29013.65197776429,
15825.367540139088,
19897.262685965037,
17468.686720488146,
19195.842701715294,
10955.31105597487,
7234.631080593465,
35061.01097627713,
9166.46188908616,
8611.247931444184,
8260.179289777825,
16817.3491716191,
9452.176011356627,
30872.347425472155,
14422.644328710656,
7406.390970199311,
11064.309743558006,
7528.205157447033,
10267.86056668889,
8143.699937756735,
7733.7368133296895,
11686.755006300184,
13245.76592787787,
8269.797521657812,
12204.751909874718,
18379.905423542885,
5455.5108667274235,
12846.274985012016,
16726.546829813535,
10518.426818194677,
15018.529565295506,
11008.136177006807,
27025.809620318072,
13712.36561159488,
12431.705309696757,
12987.332052757747,
10241.560643481474,
14092.538340511624,
20225.8361801885,
11192.614788591867,
52422.302895300716,
7670.347862375611,
11483.406004213382,
12933.30573931678,
10490.86231191301,
10798.05406723408,
8967.757355258545,
11882.994955602693,
10365.78279193306,
9289.868227464798,
7334.565867001229,
16282.37511286416,
22266.681318736297,
11123.98781492906,
10431.407594517892,
11611.705881340655,
5291.265416054588,
11131.733385797843,
17012.166564809904,
17279.0572516934,
18580.35811213038,
10256.482207545048,
14187.09664528973,
15185.560903533755,
12419.634578673953,
8834.312594400788,
7835.8080973630495,
11991.024535694844,
9850.815241180884,
9671.33257451369,
10709.61793182693,
15361.045102275344,
5701.530561198734,
18924.5430052941,
5743.720666656789,
25538.005013162063,
18996.62630591946,
8778.991718543877,
15181.79791840292,
13118.911774667067,
12949.34970600818,
9170.253421792133,
7216.76392946736,
7980.944579302819,
12175.398822742358,
8984.967831577927,
9537.260431595001,
21179.23484686265,
8583.428671461215,
15390.211609994254,
6546.589203092987,
17519.64628002889,
14083.566251982218,
6983.400875894935,
6201.546270285537,
18738.559373933756,
23688.878190850148,
13744.267570746475,
9536.783633103583,
9460.2023797593,
13411.828670918923,
14470.255595429615,
9292.222045346443,
4760.223261095268,
8083.071788128647,
5660.375164081922,
26689.929647558252,
6380.174040200423,
5514.077455706411,
15367.840208570033,
6364.105812634979,
9793.103390146585,
14209.273567146442,
20812.552668093267,
4423.956915764987,
15348.641340497352,
4030.789754491211,
4338.3445657500015,
10223.300173802734,
12282.442480014,
7195.586942978423,
7586.509643475157,
10934.370885641456,
6377.643795608974,
5742.484467844161,
5203.18882507356,
11783.07767670909,
12664.731811748274,
10190.324065304498,
8045.18513854608,
5390.006823112441,
8260.596127259487,
9619.202945769783,
34084.328469885586,
12050.713637431578,
4147.39312356255,
15129.630700808257,
5517.254451855758,
15900.847306391119,
14229.065252360417,
4249.063034709053,
9020.06176132666,
6170.534160413278,
11142.504221003186,
20702.448981074354,
7159.850416277937,
11042.651210214715,
9083.368333129654,
8348.283124918313,
12647.958981840511,
11052.63852651206,
7424.733329767051,
6191.1672091932405,
6793.808603296867,
11051.784363241637,
8997.625538203767,
6718.708425066298,
4590.869471853161,
6998.135537124402,
4488.890512950138,
7043.410983658787,
8844.561597814507,
11690.708811204053,
11004.47153881285,
4000.0112597625134,
4730.415944886402,
8683.54506159174,
12480.927038194102,
8267.088204742133,
4615.658368061855,
6375.87860727322,
8154.179489329404,
6755.452261406665,
5147.010398213109,
10486.647498736598,
5711.516460341368,
7339.742041688865,
18584.194174551325,
4552.519516810129,
8892.387630089128,
3677.7122164034604,
5064.157983736895,
10915.221264824237,
9180.842496504984,
10341.2747544288,
17850.55397382377,
7558.8002118147,
9990.942646874279,
5314.192686180437,
10221.381195602058,
3948.671493207677,
4380.316568513063,
2484.30428140211,
18786.780083248046,
10812.710602043466,
4121.4656857874925,
7255.286887939068,
10564.334511132241,
14286.608450699307,
7633.778378234929,
7020.016507138823,
9650.515984321444,
6564.628365408227,
8056.279273116114,
12441.953658399656,
18771.062972833963,
4492.502040374049,
14484.358743731316,
6485.445600243451,
4459.958836123523,
7975.087166613445,
7072.252983501996,
15737.695732494973,
6068.072328898078,
10787.687506267283,
16474.074248813933,
5371.523123247744,
2247.9037833157427,
3659.870620275987,
6933.297416779952,
17992.72817783242,
13636.297196678406,
5449.558719056196,
3770.004453756511,
7751.47501786334,
1553.0612834888564,
12941.824326445854,
6633.22296718703,
3712.780221288836,
7603.067570828971,
6530.280868326843,
11317.311398429,
9887.250441306862,
19175.228478382203,
5619.467527788109,
5282.406957912583,
4531.1062153828225,
12818.325511058032,
5654.304948879056,
5963.273039465363,
15134.433168533253,
4550.200188052777,
11438.855763894757,
18420.845262125637,
10021.584829610138,
7864.461154723559,
8828.4455624747,
8213.338274683962,
10504.779860995513,
5769.703455427242,
11684.067429352915,
15896.545222070592,
3484.9993144025348,
16937.14554250926,
5845.987223345646,
3681.696536558021,
7408.887357537436,
9097.284088463126,
3922.345857062658,
11594.620261124433,
6150.463876160762,
2645.61634017386,
12609.48454913971,
6437.122598115094,
9552.205106650174,
13840.0360611463,
4270.905415321293,
4613.022474856579,
3423.8767296510987,
9429.732385744497,
8003.161625671708,
6903.118460942048,
4511.015700866493,
4967.415585711364,
4567.4286532724045,
4152.045158946456,
7264.646556420489,
2761.6363093391774,
4767.142502547512,
5915.097611620115,
4587.76025355265,
4048.4216814300075,
5950.2637897431705,
5254.189466491362,
17165.986609285195,
8603.961987314997,
8797.847109869075,
3597.1375795606737,
7457.455515075652,
10412.756316078994,
4367.66722498346,
3790.1254600428083,
2788.4613551456414,
4486.683721562755,
6396.825921570065,
10295.896360674418,
3041.287143077264,
8730.737715641038,
12319.042848746514,
12926.396603696683,
3601.4118617573163,
7199.780723121064,
4554.917283672099,
5250.308770305162,
8039.019726398304,
7804.45522587968,
4936.731536921651,
3554.2825365905396,
3101.7718471216185,
6604.790789828432,
12731.675822485759,
10699.60772709831,
7585.551165565406,
8049.765037022402,
14469.534607845611,
3954.6744400820753,
2930.2563572444424,
9718.636978695105,
4794.192827484743,
5613.602996859489,
4187.6087857495295,
6132.318594760494,
11826.943275550488,
6487.0147629554685,
3576.381242412191,
6876.915561522457,
4299.268806503106,
9512.933467575958,
3003.54551705251,
4088.5798258461814,
2237.346357500786,
2319.6622940194975,
3893.2956551968064,
5101.23299692032,
4671.522588393962,
5352.020408517403,
4356.443690612473,
2654.336770106923,
3483.1941697717693,
2651.321015303485,
13776.886900762498,
5687.373214856615,
3807.6830945206952,
9118.536153082463,
8000.8301863143115,
3284.3184831454773,
1425.657917628226,
3406.600923802969,
4248.196175075613,
12641.51361003266,
5084.679751262632,
3727.317502230988,
8316.43422156254,
3697.022319552125,
4669.507371283044,
6743.083574064154,
8392.137496898107,
5131.791334748395,
3632.170450576694,
6297.791278720819,
5796.008247927952,
11609.486646267662,
1327.4693917379157,
3639.5298522439743,
3371.6527736813055,
2951.8135937694933,
2286.7160839647454,
3634.4544987875415,
1643.1251917799814,
2928.032039760023,
6491.2062585459225,
5917.84363690375,
9780.157354060766,
3985.456820623037,
13324.718359793322,
1624.3261246551785,
2490.5323505839942,
6788.355414863343,
2155.425025964312,
5497.870986117258,
4331.375387560623,
5882.1222707601755,
1799.0776304069993,
7084.948884539399,
3949.4283385320823,
5329.766034435442,
3243.730581172698,
2585.0387314468517,
2512.337997961912,
1525.072131221333,
3901.991370620138,
3075.765562115196,
2062.845783775729,
1089.4846191036322,
5485.448927609853,
4280.068142838441,
4526.28857586736,
4614.1196011597885,
4400.120688994739,
1352.4884553795737,
3325.02461245125,
3814.156752524394,
2966.758269400213,
1567.7753754029197,
5012.010329493265,
980.0826796379257,
1850.5019421310092,
1517.1492374575084,
2615.2811250706377,
1936.800532569107,
5033.480326812919,
1930.8972167844192,
2067.9136041669135,
2562.7577286529995,
2704.133383186809,
4869.865438830108,
4345.237364999138,
2065.677589206737,
1066.5007075859046,
4753.531402919216,
4090.1258966105647,
3660.1036466898126,
1855.0890332757147,
8259.515802910566,
3604.8995642358313,
1120.3282482173618,
1117.888458805115,
2251.60639436621,
12841.863508374394,
1443.9378048136332,
1439.5088082420364,
1591.9901892674316,
4494.483658692043,
2619.4361200757385,
4690.534318204833,
4086.565735131594,
893.1962323271024,
1549.85615591356,
2072.9851844966406,
7922.517239707997,
1433.684486819035,
2542.979122881007,
3585.1529666988195,
6044.951395247424,
3543.531242413029,
3712.2859664908538,
3166.872199908933,
772.245937907408,
5286.329797393275,
1696.2366108689966,
2732.1844405890706,
5424.567345570642,
3369.7682074603135,
2605.1713442738,
2131.479512955497,
3341.925608748482,
1260.4430853426516,
2600.687009980148,
2015.1193172167393,
1918.9472478670182,
1658.6574429549994,
3373.915203166176,
1865.359743026835,
3023.401273543939,
1783.528764371686,
11067.276688331625,
1718.3973091466446,
1784.7563303266027,
5215.189071376597,
1085.6065920891176,
2523.877223039607,
2732.250232653137,
1625.0016660580561,
2712.168410032148,
5230.512072961474,
1512.5005132229894,
5878.968385704831,
4385.889745449297,
1137.46446943841,
1212.017524459895,
6760.614290326742,
985.4042503888708,
2113.171637589544,
1443.4144848516703,
3737.4008995684717,
1345.790887288096,
1915.4511266425038,
3588.67561001233,
3284.16081070233,
1604.995617928259,
2214.6267900348284,
4324.184580917503,
2292.959401605938,
1494.8612949987566,
4710.485453950047,
1156.9052787464036,
1625.6617990469485,
1087.969465077308,
7993.625572552245,
5462.329954531308,
3116.3763991591995,
3517.5511165841913,
2926.6259178017544,
1943.3497913809515,
2498.530435763354,
1091.6546459838266,
4510.4453380935865,
792.4891705872434,
1547.202642991977,
859.6858701097099,
3703.297415497397,
1118.6104070991587,
4880.436501507595,
3069.6475085572965,
1096.2475654410723,
2190.0307226415534,
800.0408012913355,
1397.5277871445155,
1293.061661732026,
1666.0682349378337,
1053.6172410626673,
2903.3803900908906,
855.1310387341971,
1764.8237889972145,
3564.271126370567,
719.0959218672153,
1644.8327284515708,
3050.998007142663,
1481.8293319302406,
3215.7185719132713,
1930.6053360478077,
6089.913910977879,
3285.68626441236,
2913.860554851453,
2100.0167256507266,
1745.3477331752194,
3967.539825013362,
3227.994091918161,
2011.720453206007,
10923.338451531952,
1052.2237461538416,
1922.5746571591778,
1333.7337405843123,
2187.714113189465,
1354.5969432905822,
1772.3601523342572,
1891.512607986986,
1536.7884051059036,
1192.4804345472169,
1610.4179660180394,
2531.0452363037502,
4338.093257641389,
1785.8121620695845,
789.2098047240826,
2126.4116305738435,
648.6141875004823,
1791.4151263900512,
4194.9640601762785,
2947.849090044761,
3481.3054454676603,
542.6035613574898,
2762.1283932597253,
3152.314980794297,
2265.793578974969,
1569.793313870445,
716.8764873595964,
2056.24854089196,
1760.000681059789,
1469.495799372731,
1211.7936339561682,
2885.8641464309976,
707.2974098737719,
4029.7718292553377,
727.1256948294229,
4431.985380137327,
3054.748709574609,
1824.3202689027923,
2817.880450062847,
2207.764671829886,
1964.1079499434322,
1156.2976294014172,
1679.4394791345967,
1443.0157975680343,
2280.15113170134,
1234.1760689031744,
1038.0712388877832,
4774.354580387872,
1057.4084344978553,
3295.0389364667744,
914.5623159541944,
2795.3621210823367,
2569.9294012357323,
1045.9469023641902,
983.7857253786957,
3762.5495332842306,
4733.771453591693,
2596.4529630006864,
1057.114516894521,
1784.132742466138,
1611.3790141199872,
2642.2549223570068,
1451.5302759174617,
780.8125454979297,
699.0684550836812,
571.709714461994,
4135.758515736956,
802.1567955646666,
939.3455380089569,
2498.5659566557583,
873.8828935466075,
1687.5502618554092,
3151.484112485231,
3476.9087170337434,
662.8908479358291,
2065.4520137745703,
539.3348204403567,
473.3384940699383,
1724.1621533523116,
2192.510578284261,
845.1440185788828,
1221.280643874199,
1651.4149234115957,
641.9940288954801,
843.1376737652284,
848.4920418666503,
1484.9425254693251,
1934.4614351514742,
2033.4707059284551,
956.6781040489535,
663.8323365946911,
1728.5759549050479,
1446.198609121456,
4749.110321706934,
1847.147928732209,
778.7611460587657,
2543.344968004584,
777.9850844681898,
2723.734473862754,
2001.8078195815992,
401.79527618500003,
1459.8592295630738,
789.5880369979974,
1794.436308362654,
3016.4781697113453,
827.4252358197136,
1991.2846822625263,
1215.9774801911412,
1280.8611439293575,
1813.3367629885772,
2220.050830946734,
1146.920289012135,
714.6330138290687,
678.8535150932858,
1509.669307507482,
1569.0498585662538,
785.2296860160391,
540.3379101363323,
1237.007763437028,
647.9689334638143,
1627.8033276980739,
693.4672916863092,
1979.6045369626668,
1680.7152340970133,
532.7869588574696,
173.18923425430293,
989.960322569975,
2064.4319644193156,
1156.5746009613645,
418.62926571697074,
425.38177184260996,
1363.096827841847,
666.9934388830786,
1014.143305761301,
996.8363599153985,
561.6025544042567,
1088.3710345787026,
2899.2998935026526,
689.14994928992,
1330.37161271876,
557.1697379993211,
704.188019136155,
1234.5421513582737,
1532.7605422284355,
1171.4247548831959,
2974.207485971291,
981.4593512073064,
1710.5004274171886,
872.0008698827412,
1695.0728034942404,
449.7912602273958,
562.9848434465491,
309.1394445726538,
1676.565301173882,
1352.3404723774347,
726.4646520363875,
1336.9054787036027,
1385.9361097020446,
2837.6698282522134,
1434.845209207949,
721.7870349474613,
1122.8099582788095,
794.7387191326425,
642.7922827201996,
1558.212290013015,
2253.5593821593134,
492.279666479546,
2252.113043502867,
870.0250007504528,
427.9055904025396,
1320.1703426599777,
866.5596168085925,
2356.5956370345534,
804.5245481428234,
1804.619060613441,
2250.1668025879526,
772.9377613127848,
311.61153009829525,
345.61994081848945,
849.6621251601715,
3092.08648923132,
1844.5563641339104,
683.4681331234254,
608.1485783688405,
1211.8958695361016,
277.7069520642469,
1695.712050259023,
607.9951251145615,
559.7380902111577,
898.6832156873837,
898.1635349784887,
1329.847403764095,
1344.6950848052613,
2974.116542998628,
791.240255265867,
596.6490230694669,
689.0508998203062,
1906.057737659365,
783.3011933426387,
955.2221132471616,
2743.808876227185,
580.6839189850003,
1228.19714615345,
2575.7527760351977,
939.7940867270927,
1147.3050088297684,
1220.5951572782708,
1190.8716271745443,
1094.7498878944475,
760.6456494472147,
1176.8805902479091,
2299.2776830899465,
311.25249826024356,
2943.324457291167,
468.00101863825205,
502.43189359744156,
819.814095522111,
787.7338817941741,
487.6424960564491,
1454.4112114726813,
1138.6363970799362,
331.00610652111783,
1836.2927807071537,
859.0628899443029,
1072.5560008020161,
1837.5369774919095,
627.8222411889788,
592.4328646271026,
417.6034686271229,
1218.412353574131,
954.3369084235919,
1223.7959950293928,
622.1628302095781,
589.0771261328371,
413.01005107892036,
388.5126182537778,
1258.6666768214895,
216.42126013259445,
547.2087828232122,
602.0666516555405,
461.1428318055371,
326.6668150020131,
444.7148514167869,
583.1405269659629,
2335.4967281094414,
976.2467727468384,
966.8912533580967,
351.571941001615,
739.8247972559491,
1012.7663960299317,
327.7147131715849,
654.3046451216561,
473.0599670074909,
558.4440526454775,
785.7064577381647,
986.2213894944047,
462.37906710807175,
1241.3853674508048,
1823.2013398286344,
1306.330034805596,
437.1207355224965,
620.2286307005888,
614.0196423514215,
513.8829335617817,
843.0539462473774,
848.5878970915471,
532.9097875648056,
525.6269586973278,
387.7929211027835,
829.937261068036,
1684.4447661621664,
1228.539418641477,
725.6123399384088,
1209.6540218969835,
1265.400422586226,
457.2363492099783,
225.3276620662702,
1271.534216198882,
447.6004154103919,
777.6759178207915,
705.4573088854464,
717.006755806735,
1491.9664095018438,
654.4743777948648,
360.77586591147883,
868.0700275913807,
512.3466108468941,
1228.2520304971388,
323.9530598640263,
441.81552598155474,
233.78816063203348,
258.21319291485366,
449.4826249251579,
1125.844273446285,
647.1157518462356,
531.6948159900561,
411.77679239375266,
233.04936716962956,
452.7303518329301,
262.5276121753333,
2169.2867181674005,
1056.6607763340046,
714.1064190020602,
1330.2225712669524,
1130.0325831476302,
429.55160877914085,
119.11036948462478,
402.6266488892541,
576.4690343596461,
1661.289494888256,
647.5817943068193,
598.213770841608,
1412.123394074863,
493.69123282348903,
540.2198624540179,
821.8644571341274,
1252.6993674315195,
655.5509146160805,
477.58492069653465,
867.6446825125088,
648.6671613926479,
1650.6858428795792,
193.67160840348046,
454.5995835442307,
510.8840503206526,
316.4211749612533,
257.92497978585806,
308.3755970711274,
81.37880700212445,
339.12335167448043,
799.2637499233265,
901.329177261256,
1510.4093884613796,
301.9753933713402,
1830.648876348549,
148.90781236668352,
285.4537980808338,
791.5038556902958,
329.0270701598211,
581.9063193769593,
492.7744946758573,
510.08670702246945,
155.88836811485413,
892.3460343055949,
309.36349959758184,
852.7111695899679,
298.2397488134117,
249.20684867512296,
285.3006975932527,
123.94171329379772,
438.1065113280785,
386.1854787490838,
190.02630985376783,
-12.782206491327184,
756.3109519568928,
556.4814877789559,
662.3694925476656,
517.4219286585194,
479.30544628639984,
119.77850119081204,
299.6700187671956,
511.8071061139975,
399.2489441685824,
139.51480190524222,
769.7842978167935,
71.0770791893913,
116.10836575964865,
119.17823079234896,
265.6190987400112,
95.72009738171697,
445.2767900248549,
231.5183306311692,
154.14300603603152,
361.36635021625654,
209.4619629003485,
482.73426924633276,
500.368515029191,
172.02102468928177,
-7.360293316552213,
604.4724699303526,
540.45086069891,
300.7021704878659,
149.28196509994874,
1093.3079401998616,
465.814582116929,
-47.05769348729264,
1.2099601073791972,
313.7589610557964,
1105.861790479286,
21.16151300140499,
100.48755795797635,
13.195983872907846,
571.0636006264143,
226.65754761921752,
493.38505126058806,
331.0910371250898,
-1.4552403599647732,
226.88131649178862,
287.8857200975698,
974.6892473363243,
109.93113815732804,
268.90923142013963,
244.97724491173554,
637.6514862620031,
440.08322898169564,
434.83972902008327,
210.4867363265897,
-65.33817021595121,
545.4071478385735,
45.77935956986374,
294.52859656390024,
492.3723406899553,
98.13561763423456,
346.50684482097495,
109.85342623593374,
188.62285484340848,
-18.1518256682641,
149.4287171957954,
-22.084414076013832,
74.54434650322946,
100.73323584845161,
387.6685973890267,
16.62100259759533,
231.28948923420822,
123.12901787188203,
1731.4549090895096,
90.75223095334333,
70.37440170389678,
394.07811225711475,
35.073953412313124,
64.71630260604351,
95.91488793372912,
149.78503783499644,
207.1689385673416,
615.0650754133467,
-26.16474463153484,
725.9013810607469,
286.6650360117359,
30.54883264330469,
-33.631934220255424,
766.1618520687314,
-21.7153671999568,
122.56202643158126,
-30.80159208766107,
108.91505146475033,
-113.50226798993174,
104.99434803296859,
265.8957410283671,
391.7398388672004,
68.03379846220619,
213.3171964940364,
480.32193322719166,
125.53870818713585,
31.206508820780538,
472.07882593664726,
54.64848958760159,
87.68273892508091,
-10.838222885196535,
603.1064343675318,
662.5462349863167,
261.4457443623301,
329.6616506703563,
197.74321799017454,
99.41363983592889,
261.0568025338371,
-93.52497354383581,
483.6541169604757,
-48.54629296135967,
32.392180895233835,
-78.6202948021213,
446.75995647936645,
-143.62049333531132,
549.0847441018558,
201.11849654554533,
-21.63844778356405,
67.82079301461735,
-56.56219231668422,
-3.1980376950550577,
32.09721765105239,
61.0931911902566,
-54.58437486693763,
182.24438727050287,
-102.82101822283956,
35.04745205676488,
231.98272295586645,
-83.89271025118957,
31.326751481409918,
302.4000823402117,
49.220106684070714,
225.2987144436773,
40.92986525684704,
552.3779175269092,
224.66962672904393,
269.6767433130187,
146.65116968837214,
51.779928287902734,
224.29582292357486,
263.4187430955711,
85.08383674250119,
997.8286580893079,
-127.34089539341457,
70.5089364980762,
-119.6691338247454,
140.75104112437884,
-105.66202470903018,
-3.1811206462676607,
-83.94025137450328,
56.23832463247703,
-19.279900171840307,
48.08525408629356,
116.94554231835431,
369.9002669989921,
43.808355887036235,
-84.82178488629542,
67.21539232541835,
-147.2805277565747,
35.08822379982161,
475.56122126101246,
228.93744877748,
271.4606808828533,
-176.81158825490178,
41.92801748865372,
267.6686174394649,
89.02554689215681,
22.81067215963313,
-108.85646988531667,
87.61841865001335,
31.359398591179485,
-99.47750886957374,
5.2115957852340955,
145.51398302851914,
-151.1487887080521,
222.88901848647401,
-145.31337125526846,
223.38122485080208,
5.983011045725755,
86.3927197927309,
274.21736186486214,
134.31155800510282,
23.153621446809087,
-7.258173682410711,
-104.74436559235475,
-90.93092186123002,
159.67562993793587,
-38.46248490236722,
-100.5087938674809,
486.03183831887236,
-76.3510318938885,
178.1195059753176,
-151.31029684516676,
182.97337683500666,
199.52488998150392,
-55.9529228845596,
-83.1392933637338,
308.43563156262564,
377.0861869212368,
43.509870639469575,
-37.3298993662737,
52.62412640287725,
80.49197185476669,
76.55395344977786,
14.020382066177817,
-73.28117732686351,
-96.87708874302666,
-191.53306153356158,
246.0895822408017,
-40.24602286053936,
-100.1900093106913,
133.7602014512598,
-23.867620785097223,
7.425105073257424,
204.81514569815172,
113.35759277640868,
-127.26930127838382,
22.617161898362546,
-144.37188017102943,
-161.59254747711097,
64.1457815373193,
90.87982849443087,
-182.6787730762466,
-122.71986090498126,
56.57013883795844,
-90.03254445041397,
-148.0182246361955,
-114.80886281785347,
-34.353968352806085,
80.26808614661732,
67.29016064650867,
-62.00055434316007,
-104.34699901694725,
85.14591996399541,
-111.28797759472604,
278.53432165284477,
-78.97710197140651,
-112.17942246254593,
78.00794231438688,
-91.18468523563577,
167.35959607908575,
13.725565822572355,
-225.17706115109794,
-18.92686801154545,
-113.63894621482184,
-15.26423774927082,
23.39679508545584,
-167.67814682506892,
21.55848578054122,
-90.50459809698438,
-81.83160744203846,
2.7925912090869587,
181.0469820061663,
-84.69692800442482,
-111.37781183725303,
-104.57890059869821,
-37.96535903091384,
108.77630679423173,
-186.0138044616169,
-124.38596234097808,
-137.15351200463593,
-181.9534194491635,
184.78291338976075,
-147.98316315613326,
94.94750496890175,
-37.048082318708566,
-157.51628401413353,
-205.55443836929854,
-67.23440706649527,
51.37029602346623,
-40.725573080822564,
-163.1548381317419,
-126.8789550877671,
-87.38129278833492,
-88.79354609553381,
-65.64017041193648,
-139.69528798811115,
-144.68954865531705,
-48.451394218882875,
46.97433543223546,
-169.20171245810135,
-27.108185395192038,
-186.75332392695378,
-112.83403634172551,
-136.3296576863941,
-12.233317686230706,
-59.85738024462914,
135.43463576557645,
-99.73929435502103,
12.658120549488512,
-150.05852523662588,
2.1871312408648267,
-196.0059745712624,
-187.7152988463935,
-168.5689267322143,
-45.44659397840417,
-116.63815208032729,
-206.0819747387173,
-19.619251991709056,
-22.812063730378764,
183.32963792116087,
54.62835121443406,
-162.09088473512867,
-177.1904872708897,
-131.92228702148492,
-103.62153755654901,
-93.36233485947294,
-0.5081763450878952,
-126.30762246856338,
56.23532415463012,
-152.03688371559085,
-178.7659301447473,
-13.259544524830176,
-134.89413971355185,
73.42501745681139,
-140.09156760246282,
26.750589848888808,
-51.21802043918103,
-186.0695544845744,
-179.55822154910715,
-206.42725795286006,
-173.22734869319197,
136.54822912140466,
-47.88942933058425,
-124.35389620861561,
-115.3723284761605,
-148.71910570777592,
-204.4079177848144,
-13.344138703824427,
-144.30249381003406,
-114.07387089974114,
-165.33656725374365,
-108.94837354982819,
-72.41925512217787,
-51.2973349093556,
247.4525802488779,
-45.323753175283144,
-116.71270343693115,
-166.174963015561,
-97.19394612065462,
-112.37434921656795,
-99.47266026100675,
104.43836428656066,
-133.54980800024055,
-83.84492650860707,
57.29122226601729,
-156.87859553770068,
-121.78266576986285,
-64.95278983227206,
-169.7411394731106,
-158.98129752932056,
-183.39784621417087,
-135.87040155951553,
101.0574713547704,
-205.01690542734787,
148.4446234334527,
-207.16827445414765,
-139.0206563975323,
-115.80494689938364,
-202.30731452615788,
-173.38689313493387,
-134.84233103432774,
-71.38010273124732,
-161.46691725240973,
-49.35466746157387,
-137.6291572255809,
-207.02085839612408,
-66.40676991173231,
-146.58303058637816,
-152.59115109608828,
-129.0289374446266,
-92.9755904847278,
-145.7122025816194,
-19.5871271246697,
-94.8781393428317,
-188.86214321197878,
-153.6037742345473,
-199.49066707550773,
-23.538843829482566,
-203.4120422621741,
-189.67479740931586,
-232.78954422968854,
-177.41768067649076,
-252.73263693146706,
-245.66308665616862,
-168.6907613917577,
77.72673912622493,
-144.05481460331134,
-65.10694924225538,
-177.80266452136047,
-108.73793504738781,
-121.131297513359,
-178.6350273496777,
-197.98745801112713,
-141.10477348188016,
-147.57602798679582,
-141.39884540311684,
-163.45537816326475,
-256.4022568100919,
4.587993426573783,
-19.159894440455265,
-125.88318898606546,
-194.63454201055188,
-176.42219685392286,
-116.33955520690897,
-160.69887412346185,
-176.4712844603888,
-122.69738860539852,
-133.84533833838535,
-182.2889846927008,
-209.44857384040475,
-204.56877244031426,
-33.75483441141962,
-106.16414583939623,
-199.08937118512497,
-128.71734916217164,
-209.25367638969365,
-164.00211244389547,
-227.30460490505544,
-85.4693374898853,
-197.51872131520517,
-84.74636813427784,
-157.79344597284202,
-145.95070027732777,
-125.15391769199132,
-184.82030668803128,
-204.23056172677389,
-146.01045144962785,
-170.4566293455802,
-148.07887256750712,
-239.47886430667768,
-153.32145459278865,
-202.45555900437603,
-169.53095583872107,
-176.74188102616793,
-79.02866046967229,
-170.24471143890165,
-217.4104288089423,
-198.6512397550035,
-213.77616681795675,
-206.9215243702662,
-192.66207764258155,
5.114649235347201,
-64.8274169157081,
-194.6770370924696,
-128.63870824429793,
-118.74955721560214,
-242.19609953889534,
-196.29532316375384,
-198.78254233960462,
-235.87065816283467,
-114.9989732594288,
-138.01862197322674,
-157.95580820102938,
-64.63493770320085,
-171.2836499256114,
-218.4642956466815,
-133.40003407298923,
-82.2222343280955,
-189.5161748660099,
-152.976130395006,
-173.95751297988676,
-238.1604758670763,
-95.5682261562823,
-199.3632457291522,
-218.16003503258517,
-191.07010946494012,
-253.46098030336293,
-189.18699296177547,
-262.1382059071616,
-287.0460467010305,
-198.8725746287385,
-165.78518247412754,
-137.1146634794918,
-123.02077379158463,
-222.9232476991578,
-92.57746523893209,
-235.5519344222515,
-246.75229889886077,
-171.25382270713007,
-159.2939842704415,
-241.36390205380968,
-186.90225422866504,
-226.6280464564035,
-211.86070902982834,
-173.19944067621697,
-220.4317843456137,
-118.52370480776749,
-217.35957881317918,
-210.69191638809875,
-224.30301675710933,
-267.0125967197765,
-213.95724094648375,
-214.89870093231875,
-234.3018811172671,
-282.4121748768563,
-194.9652762110063,
-171.35626955757425,
-163.5771601268538,
-229.03521004036247,
-225.19687695424145,
-191.69524236477304,
-218.13654802912205,
-163.6882694985291,
-237.70595792720837,
-271.5116859341236,
-164.3952440585076,
-212.72940038961215,
-226.57319991919047,
-261.0695715517375,
-245.8080047700938,
-258.4774573925346,
-230.06272209766493,
-231.15817419008536,
-276.459544436697,
-175.15667478754818,
-260.1527576484977,
-228.9872691277647,
-204.70192192768468,
-255.01661694799174,
-233.92791567566715,
-218.20547046138,
-207.258281331553,
-264.15583994979085,
-243.5898106949312,
-196.99500600849416,
-199.89333630850413,
-274.3209728674338,
-238.12747702410428,
-199.21997416326158,
-221.58549090184948,
-256.3454158552662,
-229.803794879197,
-240.43789334050138,
-191.19183236790383,
-229.78048101587623,
-228.55076756340569,
-274.5048835252113,
-251.59344410675803,
-187.9903927636068,
-216.46539178013003,
-209.14565653522914,
-228.4577542251201,
-242.43974497911495,
-299.0994965673607,
-232.83812129450652,
-232.94655752205728,
-228.3992325711385,
-260.37569705255476,
-287.63625309152394,
-233.58204631156042,
-270.9742841587222,
-202.26323082335506,
-239.38063329829657,
-253.7671967597204,
-227.81032533000217,
-238.39375275077842,
-213.31200032335192,
-280.4783542064266,
-276.66820802786344,
-308.2434335290539,
-285.6836474018567,
-212.74013894255594,
-229.32956752624332,
-265.24509725018606,
-257.7084780114266,
-250.5828655498793,
-149.81293168699494,
-268.0127687334876,
-267.5012023133528,
-277.5985638340076,
-241.984225688865,
-294.51459752212577,
-276.4628386008093,
-224.9235229927499,
-212.80144705269586,
-205.99601966000586,
-267.95886921498845,
-202.70274902476652,
-245.83783113211766,
-263.7754149439603,
-270.5225389584696,
-165.59687204030814,
-256.6111600201766,
-245.31071824596893,
-281.05486791227383,
-295.57679242157775,
-314.8666079670769,
-269.5183207588183,
-260.3250310676486,
-218.27430807263536,
-279.0519637091058,
-222.02202365832719,
-220.4759699239192,
-256.7820846785667,
-279.4935286594724,
-247.87196822290713,
-262.56336643250074,
-276.5074562302624,
-272.44116465060046,
-272.7680757243689,
-196.75748161140328,
-231.72744198711047,
-250.14399024135415,
-264.3380710501595,
-268.62322824261753,
-215.91396627530494,
-250.09601766909992,
-239.8936959523593,
-265.67890637034435,
-283.91535292071126,
-277.3427729864435,
-236.25785343489548,
-296.86011793963536,
-223.3932726380399,
-280.21260409926555,
-284.28010931792403,
-301.1898953008871,
-290.06108778954956,
-239.7452323814657,
-260.6039551346438,
-258.21544265447676,
-290.83410068184935,
-286.97242737860876,
-293.15527236268383,
-266.62633897049096,
-276.15289169813576,
-278.3568416345603,
-286.8421765748497,
-238.31127326224137,
-274.9143350095639,
-292.0648625748237,
-282.07130671372965,
-260.74141123428063,
-268.2949624029434,
-244.2083359386129,
-263.7079672184192,
-296.94035260596854,
-280.8808639643195,
-251.6071574028011,
-277.386584916134,
-246.88992367112664,
-305.1553363563367,
-286.8045161069248,
-250.70723546181526,
-278.12655025652487,
-314.5431190517374,
-276.6301454382906,
-277.5949444818567,
-288.1331834357199,
-278.21073396353677,
-255.8815306420028,
-284.0662889024538,
-257.805987387892,
-276.86364784078177,
-278.9381466844702,
-256.96569551820096,
-307.2958238592185,
-306.38091391726135,
-232.06093954532815,
-235.4971012531733,
-271.03047392238386,
-305.6293661675526,
-295.1946177365636,
-254.43861293451738,
-271.7374872374984,
-286.32192182092143,
-281.67265039714636,
-289.5577443337838,
-283.1383967083498,
-286.97471507380664,
-266.86465881063566,
-298.6359260360654,
-292.88062318776326,
-280.9883057498477,
-310.98052399912086,
-260.81683937765973,
-297.44412789952213,
-246.7870337535604,
-240.2888631099341,
-282.9023060683822,
-288.05267332964706,
-285.40304652846436,
-325.0118952722452,
-318.1708830532116,
-260.6265264426912,
-292.31176463397884,
-309.56094369662435,
-265.8796399956868,
-308.291612545761,
-261.46436226229605,
-308.88398157974063,
-280.00360415830414,
-249.31369124995166,
-286.66155570727216,
-296.9004874047119,
-260.9647404056545,
-286.0673665375013,
-308.17748861413617,
-287.94839426662855,
-249.6128599706402,
-266.66965287331465,
-293.9672041820171,
-295.19015129235447,
-287.98567432002676,
-294.7780071056317,
-310.7810365536277,
-269.0095936074513,
-281.0663114132359,
-285.12056935781135,
-273.57591942706676,
-295.54247144802866,
-275.6677666461382,
-272.06292016941785,
-281.640123850593,
-290.41625349150064,
-286.6801231204766,
-298.0197310833847,
-310.610244793087,
-273.04825631923575,
-279.39911239873527,
-310.54469781643814,
-307.2758482968438,
-257.04960713853336,
-302.8946159625413,
-322.1875669200705,
-305.0524369465244,
-306.6416939423183,
-303.3313577774119,
-290.5641181954844,
-298.34028950667016,
-303.56337781518994,
-264.7719570598746,
-294.6704550390975,
-283.0901377237691,
-282.799124198291,
-310.8936427395095,
-273.50440392045346,
-289.8009944683764,
-303.15281010100716,
-297.03778536777276,
-302.71046466250726,
-290.34830238228926,
-303.93901014673526,
-304.83326807434185,
-312.49226873351427,
-297.7015026078266,
-298.6626474483056,
-296.3809340700214,
-308.2082940806314,
-304.5827175969615,
-258.2008924710281,
-292.12612798166293,
-284.35759786494725,
-285.307987515326,
-269.0517389975118,
-276.4564541290213,
-327.13088307121336,
-310.0566025554808,
-297.64092455943216,
-297.95476232059326,
-235.297983348462,
-299.84179500329185,
-276.9951139736796,
-281.4980268794095,
-305.0589794386823,
-308.41225379984127,
-289.30711264857456,
-273.1040821519931,
-302.75002357555456,
-292.38197372360764,
-293.2823728157317,
-321.9180139800582,
-307.4665833226612,
-291.18027895589466,
-302.4301544278213,
-301.01799515369896,
-285.3629838045078,
-329.68751941751844,
-307.81160821661655,
-292.0700506588552,
-325.30016010626787,
-289.08225861154443,
-305.08539183734047,
-290.52342016800003,
-297.1635439555139,
-303.5525137166429,
-320.11811021622924,
-295.37621344891005,
-282.83826327743037,
-296.8835495239188,
-308.8184442462318,
-302.2961258092745,
-279.05445413367613,
-309.08562787697576,
-319.5621686057942,
-337.3756328081757,
-281.9805667669315,
-289.57927850544957,
-292.3210065021219,
-288.4421466908499,
-319.7564295673301,
-325.9168407157869,
-302.54608438799784,
-300.86271423422176,
-303.2892642954302,
-308.97085421823056,
-306.9307326302257,
-317.74372584565685,
-289.19324420212945,
-313.2661086253002,
-299.3457576244962,
-315.3886789969316,
-303.01795336919497,
-311.90123639824645,
-300.42722750239517,
-313.1292594122706,
-314.67196890423605,
-317.9827483022874,
-301.988650125941,
-327.3428904983429,
-295.3431248927035,
-316.1362285429463,
-267.7602369512608,
-298.779317442704,
-270.00056140740384,
-323.68387836614664,
-318.4268200550905,
-284.72829173509444,
-286.56183342637814,
-307.4394283429874,
-315.32551780027904,
-300.92622095955767,
-305.7978809410872,
-275.9547717641774,
-296.633869933724,
-291.5462304108998,
-319.4005668959597,
-310.6966301347063,
-309.4778164344581,
-310.5170243354286,
-316.2420702925706,
-320.8656494555304,
-312.344559233476,
-286.8677183126955,
-307.9328859296932,
-305.76808873829475,
-299.7597959076976,
-320.96013091967427,
-344.1101570978761,
-293.9002393290158,
-323.2833564062719,
-298.0308618899545,
-306.7861534659447,
-293.2179597201123,
-309.2056314011583,
-310.3812490361932,
-302.8895863716733,
-312.2596746259005,
-319.6515103823137,
-292.6347933505182,
-305.56212984824424,
-302.5744913214918,
-285.2880526955719,
-313.02713918681854,
-314.3121023445202,
-297.17208983730654,
-301.822948122274,
-310.7899635163611,
-297.51460394550793,
-318.1669959887273,
-313.29134325581765,
-296.4177441314582,
-296.1924008490176,
-297.0766999563992,
-321.39585995238576,
-337.0968635594257,
-280.16709734344226,
-322.49224563154587,
-319.65729957595215,
-311.15349068042593,
-308.3492105166166,
-338.8379900375097,
-330.43948595709725,
-316.79535570026775,
-300.48407764670674,
-322.8727937479715,
-288.45168374411145,
-291.5662088367728,
-294.1165239746098,
-294.9574263650231,
-316.9890323326816,
-321.00274735875917,
-309.751581823213,
-308.8033964191574,
-311.6627085484746,
-325.89364565309813,
-330.70361810796237,
-297.4458408166884,
-326.67351816511757,
-332.5432439498885,
-328.1112880725193,
-306.1657935436585,
-312.2391489324084,
-312.1480561624572,
-296.2021949374313,
-330.4804516968751,
-303.5629699378627,
-329.80099240893975,
-317.51286566736434,
-316.372100323048,
-300.568679415338,
-311.0200741175946,
-304.3186351929236,
-322.23829738539405,
-315.7624083361799,
-312.6598849780845,
-328.1396262421284,
-301.5835051253838,
-327.5456331862253,
-303.9921290906811,
-308.5292933986443,
-312.9954048605399,
-322.35553368811924,
-308.72978559517,
-312.05065412906134,
-319.7598742543089,
-323.2694298345982,
-320.2471972563503,
-328.9509993507992,
-315.39710356207286,
-328.12939686817515,
-321.6525296282529,
-318.51115006578306,
-309.0082110602263,
-315.14145209738535,
-332.4451036679344,
-297.71094238374064,
-310.62322433121625,
-318.99538675314164,
-317.7657425069431,
-302.9888839929534,
-306.9846277399015,
-316.6455451619984,
-327.87009982670463,
-311.53265607188985,
-335.6541175434568,
-311.0184103149433,
-330.4524587656129,
-310.14360071787235,
-330.21126732793164,
-319.1058691927493,
-327.07969465310816,
-301.725038084669,
-328.28897688400264,
-311.6400514876906,
-312.52078102898446,
-309.29193409875603,
-333.7855096307374,
-312.1473342305213,
-324.3279824416858,
-315.84840858836986,
-321.47261208880275,
-305.6956730777401,
-340.6780204180921,
-323.27852252871713,
-344.71549971610943,
-321.27899923589644,
-325.7509262167855,
-345.15244396929467,
-319.7092416516654,
-303.35079250714773,
-313.7764844187951,
-321.0631820491477,
-302.6694838718392,
-306.501983766709,
-297.48768894797684,
-335.5767400555973,
-322.56544547649526,
-310.41294021855214,
-315.2198056259193,
-318.1487115672536,
-307.759881402112,
-303.20966281689994,
-317.387153389274,
-318.48524182021754,
-293.88404983374596,
-316.09612725194035,
-313.7966025143567,
-324.09936254281246,
-331.6618017515003,
-333.3457924924787,
-321.61150717399937,
-319.9369056586708,
-341.298020161469,
-327.243956647964,
-312.0480392195767,
-310.1764241124205,
-342.43882052691816,
-341.28482110518746,
-286.0187358802706,
-311.5310339543904,
-299.1571424765873,
-330.3912918725032,
-324.8692511338118,
-310.44232969500985,
-318.97163530834916,
-326.5206099729488,
-346.77316597722995,
-339.6401216291263,
-317.65229926435575,
-302.99881761005673,
-335.30259938437536,
-335.3463980260928,
-296.93633144881574,
-333.9038832276227,
-337.81398435529815,
-312.03862302697024,
-336.98153699750793,
-309.7885840353514,
-337.4189484151992,
-330.65444840635513,
-342.67575748110215,
-335.1387322353057,
-339.64195673067104,
-321.95210421197845,
-329.38373569306367,
-311.2750659792726,
-331.98581416427794,
-332.0261257445056,
-328.8492002493689,
-321.749138913054,
-305.6558914205586,
-321.02203447717056,
-333.74803715894467,
-327.78787332341125,
-346.93541308142017,
-319.55651263581024,
-303.3714662606894,
-316.715792765359,
-331.83273967415187,
-311.2102505841579,
-335.93345967322074,
-357.49507216443055,
-341.7609056767827,
-338.8296543686501,
-326.62001328239455,
-336.0503622159512,
-340.5174945878234,
-327.10274464376545,
-323.73342854806896,
-309.4183911658787,
-318.7556644200773,
-310.46777158218816,
-340.83280850494594,
-313.67376465409814,
-293.2949657550424,
-338.10172667918636,
-332.1431690159317,
-336.08465912617305,
-346.3627574569322,
-304.12710002554815,
-331.67469647476315,
-318.42501133730053,
-333.306510370608,
-320.3343888984629,
-310.84790301000083,
-320.29199555281804,
-339.3384731271527,
-335.612710838893,
-323.76174752002674,
-340.6294411198561,
-329.1965842741296,
-317.1396363382736,
-312.7645305321786,
-319.998115381322,
-323.7431705880345,
-323.2703559639557,
-318.4868287569081,
-333.2993945333654,
-324.99731357011694,
-301.9780498102638,
-328.92599162270415,
-324.38812825452294,
-334.27250169175693,
-338.0586307281824,
-347.5950235014351,
-335.5256750113742,
-330.47760789890253,
-314.2802114409409,
-345.8050399958145,
-327.5328785765486,
-323.5198231835361,
-333.793576932126,
-343.4302445064712,
-328.171511823729,
-329.8220578212767,
-335.8150492403098,
-339.29515620634595,
-335.0253314926078,
-310.94718969198436,
-316.1688394788117,
-330.44826742187945,
-328.4342664345045,
-340.1037160696395,
-321.60840800132394,
-313.2009564480656,
-320.03995417023555,
-330.90968286350187,
-346.5864433195244,
-337.46104505725054,
-328.45005258327944,
-334.2240690051301,
-334.84176020572704,
-339.2696165157648,
-342.27508359250385,
-342.68843002114664,
-346.1228781744829,
-310.9312846013714,
-328.91973281577964,
-335.75216410471046,
-338.9814297686463,
-339.4428971951403,
-342.8191476922778,
-335.86211588495763,
-342.8523582259555,
-331.7678295979332,
-339.7496953333975,
-315.45530599839503,
-338.167027613383,
-340.86844155730387,
-336.1553767735004,
-333.15162372776336,
-339.5410330717871,
-326.92061957991655,
-331.0306232495974,
-352.6558372536125,
-344.8378363929879,
-320.87118270826716,
-342.96407876181456,
-341.80272508120015,
-335.54080291966596,
-339.19419396797457,
-305.1253430879134,
-336.5104374102806,
-341.0396365505898,
-328.4455880276375,
-319.85274006498,
-343.9116907817698,
-333.8119403361528,
-332.05355597621303,
-342.6530109950138,
-322.67116300425664,
-328.9556166713955,
-334.36182935188134,
-316.05652085085785,
-348.54283690997505,
-354.7905503621576,
-317.2886538895801,
-309.5874837166037,
-333.1332521501357,
-344.83051915069797,
-345.1751567041329,
-325.1368943653449,
-331.65638652256416,
-339.0673380490578,
-328.1651781472993,
-336.16498070496715,
-338.4333153604778,
-339.6781576873889,
-334.061459292599,
-343.13153378696643,
-336.77287320891867,
-333.3768881321015,
-344.04348991427617,
-321.8868800167799,
-347.06523707115963,
-310.96260827952875,
-323.9641530523345,
-340.88321930667655,
-331.57792815001164,
-341.14594928340966,
-351.5405163280525,
-355.91732492585885,
-330.1417195720141,
-345.2101786258919,
-346.7687053323672,
-335.1147053451387,
-353.5406101569993,
-319.75174876942157,
-346.080474039186,
-344.68317149489087,
-316.8331861465008,
-340.9961937854596,
-335.9557678240707,
-328.3907798948311,
-337.45336740084986,
-347.4439708251581,
-335.99326324749296,
-312.59496414594526,
-327.5489097987297,
-329.93246957912254,
-345.6021301327667,
-337.14027193814786,
-338.20201030826996,
-336.16707244576224,
-323.9706020988915,
-329.9510583214311,
-329.9827694618831,
-337.33366026636315,
-337.73881902217846,
-323.9300604551319,
-334.8065708231625,
-330.4201001021305,
-333.97146461184303,
-334.6381397091037,
-339.2759528464104,
-345.7301798602794,
-327.1663294277738,
-337.76079372375744,
-338.6595540769065,
-341.9933047163517,
-311.87369065443573,
-346.59628807910457,
-353.9613665280474,
-340.6457835115402,
-348.26638189799036,
-345.27091620881004,
-327.51662313634057,
-338.6064587617332,
-348.3367384172833,
-326.4884997121808,
-334.7617037850416,
-340.81055057292934,
-326.36892974174106,
-348.8386177794243,
-323.4246427403209,
-338.12004594795906,
-351.3858840326911,
-343.5868777827541,
-337.0860397926128,
-334.2131012640835,
-345.7564016726264,
-331.90404191176606,
-352.5474698976834,
-338.66843971682147,
-345.0862049143105,
-335.74955021550664,
-340.4816462972102,
-336.10491204983134,
-319.32028648529285,
-332.54263019916846,
-326.6045776046486,
-333.81838685631027,
-325.4142182484424,
-335.26885669647754,
-356.69238519417166,
-349.04614251104937,
-331.3906723070996,
-328.5265406935531,
-302.15875989242886,
-336.85444349879054,
-334.27175178428104,
-320.8347072247325,
-343.8999189128143,
-343.68881434263926,
-332.91356627423846,
-327.5368055632862,
-347.1805333667802,
-336.66398508059626,
-341.6410096638763,
-354.03517365570787,
-352.1295896700627,
-332.2028934243924,
-329.91070164750926,
-339.90876383693615,
-331.89368437764557,
-356.79131396186904,
-346.87569759050945,
-335.16298363470344,
-355.2788360791861,
-329.73496520209426,
-329.3103433881942,
-328.29366948119355,
-334.1730435380988,
-345.74276198386417,
-354.7102204517073,
-334.9448079934492,
-317.94963738470227,
-339.6671933229444,
-344.96803839931334,
-334.74802844829173,
-311.0944724573038,
-342.06273698391306,
-347.83064016880724,
-356.28513803860216,
-324.20533794077903,
-333.7393347926692,
-337.5150537937818,
-342.65148322244573,
-347.84105848352726,
-351.2020398631158,
-338.9463575518463,
-337.3989758552167,
-340.98476357068745,
-335.1659083887871,
-343.43425106709543,
-356.01402285548704,
-325.9330209851177,
-347.98431891182594,
-336.0631688397178,
-347.35455692471174,
-343.0445026433132,
-341.4625758658741,
-336.65998002606136,
-349.1055503571389,
-340.8221089450364,
-346.1558949562457,
-329.913142191221,
-348.8818884051261,
-339.2132325101129,
-350.8958911398501,
-311.77304089119394,
-332.6765943990819,
-306.5419643627624,
-347.7851509428111,
-351.82170945043504,
-323.0837614053518,
-330.1246173199563,
-332.4625155872291,
-349.2972270789558,
-334.8110340672242,
-338.04452651753985,
-334.3258017792133,
-337.3791837575365,
-324.8166446642563,
-350.03989419724917,
-334.61875895355917,
-342.48254085886776,
-343.1869870758139,
-354.75208458246516,
-349.42407457129656,
-343.7082144943064,
-323.2028045613009,
-341.2626252607345,
-330.60059323366403,
-340.27414282806905,
-345.1656051890667,
-363.502357088425,
-333.6818828074378,
-352.2142172472509,
-341.2397617203917,
-338.7781682455783,
-336.43742037811734,
-342.31925408476513,
-343.8743724927259,
-336.868084190277,
-334.75971236577493,
-353.1334129338085,
-334.9493440785308,
-337.10190910151044,
-335.15180882033206,
-316.16936905249815,
-334.95102926818765,
-332.17961611139356,
-335.24381004172994,
-330.8507410957699,
-332.73044746902076,
-336.53536552663735,
-343.49631747607856,
-336.08542279221916,
-332.3479389358032,
-332.8464552953997,
-333.10685286391725,
-353.52867639951694,
-356.537080527825,
-320.57923944767845,
-346.06124184216696,
-346.24584522538305,
-342.72720628250374,
-339.7096378802695,
-353.2278648454276,
-347.5226320937038,
-346.74252620321374,
-340.01742563265265,
-350.4789735481676,
-328.2591136254692,
-322.4634397893935,
-328.79629579203913,
-330.091048798938,
-347.8437419779315,
-336.88179122313085,
-342.3473000427278,
-336.1049484986453,
-334.3695568326638,
-349.7085646238189,
-347.1396902417867,
-338.77196620031253,
-353.9558460916726,
-355.8615091863443,
-354.45231685995043,
-333.0133361830732,
-342.0567190723261,
-339.096592851858,
-325.109555564359,
-357.1781369429449,
-336.672633678358,
-355.5053926092326,
-339.2718574089771,
-342.02265041236217,
-331.7368561455757,
-337.803726805173,
-328.17162123359384,
-348.7962215030239,
-339.87793496759167,
-334.19651601250297,
-345.06706408413686,
-327.59494600772166,
-346.2702984024222,
-334.36774741068564,
-333.04046814550213,
-334.0400253923327,
-345.3484010430294,
-325.1194468089402,
-327.84195614206106,
-344.1592707300715,
-345.4656251138782,
-344.267542227312,
-350.38155940550075,
-346.6538700423348,
-349.97725108264524,
-350.6299343434021,
-341.38372826170604,
-342.5182704947986,
-341.6838228880003,
-354.59995078503465,
-324.6432326728613,
-330.23717168119936,
-334.27005711463914,
-340.2752240275452,
-335.60393136157046,
-338.5860003761284,
-336.8724194801342,
-350.64338113871537,
-338.0013298466973,
-346.4212660126403,
-340.01140333646185,
-352.9094062326377,
-337.1991097466622,
-353.1646714796304,
-351.37484368392336,
-351.84638136596726,
-332.67130351018375,
-352.5521058011433,
-330.8239223572667,
-344.9781289780339,
-335.5228809105921,
-353.05997183179863,
-343.3824250766339,
-341.148211154947,
-339.0214404420667,
-346.45228324008565,
-330.5583363775942,
-358.5470350961143,
-347.7032271224481,
-357.85683674069344,
-339.2492097216033,
-341.04353911837,
-363.06657271781285,
-336.1651955343698,
-336.226643122601,
-336.3697966378865,
-339.8890691616107,
-325.65909688006866,
-332.7924525632175,
-312.4542288760737,
-352.00402990972145,
-345.0480311989359,
-338.16579472358427,
-333.21349041623387,
-341.89973030569183,
-334.232711702245,
-321.9918100687925,
-335.6489358946588,
-336.0911387609341,
-323.22289685953143,
-337.28914201212103,
-335.78214957630627,
-339.73674532537405,
-342.98278780243413,
-352.7896033432905,
-344.51494191186737,
-338.32861472144396,
-357.1424216264865,
-346.04134385885334,
-337.1528072071325,
-336.3705286949939,
-357.0157402878199,
-362.80780684113563,
-315.1834905196282,
-334.86585056220133,
-328.1053463984318,
-344.37769102531274,
-338.18407135984864,
-331.7268314070358,
-339.3550836074695,
-345.39230631479586,
-358.9404895029962,
-355.0280888236242,
-330.26607423428976,
-317.5843209839603,
-355.98779688978226,
-350.56304313543745,
-326.34854339284055,
-344.72100461625797,
-355.25664677880843,
-328.4643109933298,
-352.9620527824424,
-329.12953333589275,
-353.9558300969457,
-350.2136446965317,
-357.62246904085276,
-353.9363200866862,
-355.49749008963823,
-343.6032400415976,
-341.89146283403755,
-331.73126405822666,
-352.11819478758025,
-346.5593374234598,
-349.416131954711,
-342.9338072542255,
-327.22929901983287,
-340.2783226196086,
-353.75413242718673,
-345.15818895072044,
-356.3270665781476,
-334.925105016222,
-322.4717415177903,
-332.071019218801,
-350.60504707601126,
-330.9994735867206,
-352.6471610202099,
-366.50566208122973,
-357.0558638090175,
-355.99437982287736,
-345.4795143551336,
-349.49063987309404,
-352.2750104924045,
-344.4435336429853,
-336.6165532256199,
-329.82635135942786,
-332.31908817762235,
-332.99188405952543,
-357.2525429898376,
-331.7472262073148,
-320.2352965827674,
-349.6181057695309,
-342.6018367726932,
-346.61422706960803,
-359.0834142535606,
-327.3701204360325,
-347.5128323708319,
-329.4023983268309,
-350.6964412499707,
-332.851687209339,
-334.61378948771477,
-328.12667406737984,
-350.0962477070337,
-345.3528088813774,
-339.92179068657634,
-349.74907288172943,
-341.0537325004712,
-335.14761012170993,
-336.00662694964996,
-338.8524032978118,
-338.52240541529244,
-345.76960002438597,
-337.599997803351,
-347.4175012477028,
-336.45386596783317,
-324.82722874137403,
-344.96216896745193,
-341.33295783953616,
-345.98605209267964,
-350.9879457079736,
-353.8623796517702,
-346.49221619855996,
-347.339964761993,
-337.5488224076904,
-356.23320324187415,
-348.5666318235807,
-341.12251648314236,
-347.56404799025785,
-355.00839824345917,
-343.8752851602864,
-345.2767978370325,
-345.2413561471174,
-350.45135990397284,
-347.2761184041453,
-330.3009361229642,
-331.8563463157777,
-346.52864332979436,
-340.2962916582545,
-357.4928979274033,
-339.9863352226571,
-332.2485638625223,
-337.7850406247803,
-346.36666984590113,
-358.13667262073983,
-349.7961829476481,
-345.0976067492253,
-345.43419933304995,
-353.76671582480753,
-348.09661764804815,
-353.76120311910347,
-350.67672041158914,
-357.7759062282305,
-329.53568558208536,
-341.90708229953015,
-352.7322818818719,
-346.764961333033,
-348.4642646053385,
-356.245463779764,
-349.01234130582264,
-352.1405036755433,
-342.66595935733216,
-350.1981598869162,
-331.0152711072264,
-351.69368587583773,
-352.32068972665456,
-345.92818953052154,
-343.40541681222487,
-353.6731011718837,
-343.2252881040417,
-345.8741572183294,
-363.2703679190645,
-357.5009997053654,
-333.5425083722307,
-357.45577513304113,
-356.38444022978496,
-340.3005455229669,
-350.4365614050042,
-322.5334336173081,
-350.68124726720765,
-347.51053476892173,
-337.78391796186406,
-333.5208008630902,
-354.41645287405527,
-347.2429453002598,
-350.7266340657998,
-355.49945399091723,
-337.05387971181807,
-342.2792205009026,
-345.9463816090764,
-329.30831476246465,
-356.13220293243154,
-362.8240896996341,
-333.00948050202663,
-328.371212170453,
-346.08267838316124,
-352.80042963989365,
-355.36239880076903,
-339.5012955240385,
-344.1901224079236,
-346.9299552747333,
-337.471545510694,
-345.4612948170166,
-350.15181745123556,
-351.6778260787786,
-348.1432648305368,
-351.4848689885889,
-347.19918223877386,
-343.7896451250387,
-352.17435251708264,
-335.60118482265796,
-358.3268929552189,
-325.60557994857305,
-340.39158384130116,
-350.9225306863153,
-341.1702739973772,
-352.49801983051657,
-357.00331896290135,
-364.6337030463136,
-346.5253474983464,
-356.23571867859175,
-354.01950042186996,
-348.0300484711682,
-362.14200478579994,
-333.7581805863871,
-355.8290780676679,
-356.16567939010486,
-330.18581134205454,
-357.2930673352616,
-343.8169320715904,
-340.24903805254115,
-346.5373410387823,
-354.37271625169814,
-346.360347511748,
-327.9285038690227,
-340.21633542337696,
-337.671016488894,
-355.2353959287554,
-348.3465602253251,
-346.5604562963549,
-341.08898886610507,
-339.7568157335517,
-340.530521107023,
-340.1641207271595,
-350.44996099496507,
-346.73650616351017,
-336.24139113500075,
-345.8045026129321,
-342.43742313245474,
-343.7945091382003,
-344.95001608565383,
-347.40133437383975,
-352.5670859015237,
-341.77046879604234,
-348.4636507402917,
-345.7580457248599,
-350.4443725688906,
-323.50397103398154,
-356.49108822776464,
-360.72371796872596,
-347.48845051719366,
-359.6473279149872,
-353.5949888535848,
-336.3705986526396,
-349.14290124389566,
-359.20183427871706,
-340.5764681064074,
-345.1316269504272,
-352.2019118728757,
-338.15022744807317,
-356.51063041101435,
-333.3748202979849,
-348.9515019828642,
-359.7145305941661,
-353.6759112188596,
-345.5636506125234,
-343.47918779016305,
-354.56841853744504,
-339.2069775834899,
-361.39653753490586,
-349.1124648358428,
-355.9396857582059,
-344.9707566549117,
-346.87705225501105,
-341.7351635573806,
-332.02002322109655,
-342.22639322935885,
-335.4392656700391,
-346.5857711064899,
-338.35422885885856,
-347.41787186984845,
-364.6668562614386,
-356.7898210333918,
-339.0857264027026,
-337.1476668043445,
-316.7868151091957,
-346.06471471233033,
-346.19334014608864,
-329.7242420394563,
-352.55211240804385,
-351.3195344168229,
-344.2007975960144,
-341.11955819085733,
-355.0905004317954,
-348.36702718906145,
-352.2447518701346,
-361.7909946607962,
-360.0196453669409,
-343.2333623188821,
-337.84204503641934,
-347.9367097076289,
-343.40726118911687,
-361.8848117600717,
-355.7636914589589,
-345.80602561463405,
-361.61218959811623,
-339.38316620651483,
-335.30604674872257,
-337.5153306430081,
-343.61584059137897,
-356.1330785008363,
-362.2320736192852,
-343.273670991505,
-328.00137860863055,
-351.32818246856914,
-352.02753286834894,
-344.64624828557817,
-321.254608641182,
-349.11471201069935,
-354.076405585296,
-360.9104507751672,
-335.82384198933084,
-341.6007485002505,
-345.657785855395,
-355.8351752736845,
-356.3198411829338,
-358.1383805026504,
-346.50895590332374,
-346.3674897349758,
-352.83660328409536,
-343.89573222394426,
-350.67166645055977,
-362.8147638487333,
-335.28838496705896,
-356.3284737564858,
-344.08867998949535,
-354.58013571343974,
-351.4786116744056,
-349.14165092059636,
-344.925425869664,
-358.00574560416123,
-347.6718943786847,
-353.953235446984,
-338.15040268040605,
-353.0162064572276,
-348.4946290551254,
-360.04255214596867,
-324.5346955584563,
-340.76269396407105,
-318.3835344414897,
-355.86714808569087,
-360.4051853759022,
-331.56298231174526,
-341.1409867241049,
-339.78104561236194,
-357.37147383175534,
-342.1549862620468,
-345.44165408454546,
-346.59293312398194,
-346.712295230447,
-335.8836101888524,
-355.882727991485,
-339.5442802917025,
-348.1844245614781,
-351.0448336686324,
-361.5550616844542,
-353.81276934399295,
-351.5798614044402,
-331.9121860950034,
-348.67069390099334,
-337.4561005906965,
-349.7280195276534,
-350.9158684545898,
-367.39826747392,
-345.45181944945887,
-359.7385483581121,
-350.3655869049632,
-347.4706512688982,
-346.3134422970708,
-348.9286029316133,
-349.9692022921067,
-344.8743126915264,
-340.2630045947161,
-361.21001581401816,
-347.54096056085757,
-346.2176669183067,
-342.4491696393663,
-324.7253429504255,
-341.20954103909673,
-336.7127293030567,
-340.5780465159638,
-340.3609517371797,
-340.87860568825255,
-343.19290293279676,
-349.1972311244699,
-343.910652894294,
-337.2753851066476,
-339.1502302160505,
-343.02341474965226,
-360.63495388874054,
-359.73481538947624,
-330.16421098247315,
-352.40436207270903,
-350.91156598313876,
-351.1187675653649,
-348.1739175494673,
-356.5473390962128,
-349.61744657280644,
-351.7789254065686,
-348.8896223714176,
-355.9597536757,
-335.39288694103124,
-330.5311741142708,
-337.80693244587405,
-336.5873070940791,
-355.2964121061607,
-342.8132655870795,
-349.1819996771098,
-343.70808118267985,
-341.8018561147429,
-356.55724326153603,
-351.71271621243534,
-347.3762353367737,
-361.34639408014147,
-360.0408141152784,
-359.94982390204376,
-340.33578136711077,
-349.61799274089356,
-346.371562602232,
-333.40429994796193,
-363.5142699212146,
-345.27579557013144,
-360.8155562748251,
-345.7081385211908,
-349.07746352952927,
-341.1423937865216,
-345.4753778420758,
-337.4930570922623,
-356.5521690788807,
-354.06881407465755,
-336.6916649859145,
-352.5800427637113,
-339.1385812462071,
-351.8141114549428,
-342.23750310936214,
-341.96273393466805,
-341.9178896467996,
-351.57697416831763,
-331.6472351537996,
-334.77015792324187,
-352.94310039346544,
-352.8149364282615,
-351.00295605726717,
-355.30834397968954,
-353.7569346891635,
-356.89646804850236,
-358.45122179955223,
-347.0166388503961,
-351.79533716973725,
-347.99772310439187,
-361.4149909789603,
-331.7067621383878,
-335.20507454577466,
-339.2728893649832,
-349.0486388402562,
-341.8508980600322,
-346.41856327780613,
-342.9808611847733,
-354.9608973398202,
-345.75783928047923,
-348.7183879788775,
-347.42377760591904,
-359.9588185697007,
-344.3708701220406,
-358.78686541193105,
-359.65669556106366,
-358.1951297662623,
-339.7395887359479,
-358.81445635582196,
-338.32628932740596,
-351.5300051169065,
-340.1626212104876,
-357.4930240660542,
-352.2887797183603,
-346.4795169203435,
-347.50392055282595,
-353.09608348205103,
-338.6929886712197,
-363.2646175080723,
-354.02821200579194,
-362.22235453109863,
-346.1740217401489,
-346.97421261652255,
-369.42841332179165,
-340.751645504268,
-346.90324384074916,
-343.09476503519556,
-347.41515139712067,
-334.0651551673496,
-340.1931694848868,
-321.33427635715026,
-357.590610803898,
-351.6899450129718,
-346.87851218030994,
-340.34856996690667,
-348.5845865826016,
-343.6375143428517,
-329.85840872924683,
-341.0786653043351,
-341.7683900687667,
-331.1984466413708,
-345.8824366103656,
-342.80814505218507,
-345.6191390276889,
-346.84664124155813,
-359.45529234574576,
-352.16395089473434,
-346.5755129374776,
-362.1112408991135,
-351.83955733640937,
-344.1205804046991,
-344.8533041258185,
-361.6894483179352,
-369.65391180599386,
-327.02114766638067,
-343.4768788789787,
-336.16708546356676,
-349.9196788805001,
-345.936690047301,
-339.09940891138183,
-345.835960000431,
-352.31210780612537,
-361.3658855769186,
-361.0735381747265,
-333.3686870343059,
-326.51427308479396,
-362.7700116565171,
-353.99580840626527,
-335.02846346595845,
-349.1536831122361,
-361.5286111787371,
-335.7206184233827,
-357.8230589871852,
-334.90968120778734,
-360.3100923940248,
-356.07740865857767,
-362.4314182315338,
-359.6162155841036,
-361.08656519557843,
-349.2364228594544,
-347.5382912841842,
-336.2575882087181,
-358.2059204892365,
-352.4803005051285,
-355.6374042189435,
-350.24370875417054,
-334.2076898897002,
-347.03685579646935,
-360.91484556502917,
-352.07182439033704,
-359.7855491401367,
-340.81901789368794,
-329.3787824988989,
-337.4019197216344,
-356.4922876438835,
-337.2907410787652,
-358.56708994736493,
-370.1217322605459,
-361.3636199577838,
-362.7796887936919,
-351.84795565284577,
-354.33246992208007,
-356.933558796485,
-350.7832341844677,
-341.6852745125892,
-335.56344170881846,
-340.1924312761219,
-341.38461640155435,
-362.7207121472267,
-338.18627572651815,
-327.3830182539411,
-354.2550995219345,
-349.9428423145707,
-351.96197864517205,
-363.62972729711777,
-333.8984586144471,
-353.6823274723773,
-335.3633523684877,
-356.87265060490773,
-337.74896835851456,
-343.8402820821441,
-334.6431391930567,
-355.852951524626,
-351.18677467326216,
-344.9586551145244,
-354.85342157576616,
-346.5429634655952,
-343.9556426347165,
-344.9194750158374,
-345.6260487501632,
-344.7076964800764,
-352.692539660032,
-343.91810962684565,
-352.0831707470276,
-344.2166224202627,
-331.8624545895349,
-351.37082358253167,
-349.28246710555334,
-352.69854364498207,
-356.75096017031126,
-357.90061268603006,
-350.6571668361903,
-352.8033172245499,
-344.753113601383,
-360.3569991473827,
-356.46624025956925,
-346.1276758430748,
-352.885457181116,
-360.0625841432274,
-350.07157190376915,
-351.3201479383635,
-350.44214179424335,
-354.41761002496105,
-354.7670583263937,
-335.82848112229107,
-339.6740796796551,
-352.7185122647536,
-344.3471728945942,
-363.4795781082672,
-346.8491092338788,
-340.14652596755667,
-343.24437203270526,
-352.48528157698865,
-362.1081451511655,
-354.7800607935761,
-351.98589837101645,
-349.9285276327068,
-360.67751645373517,
-352.149242155716,
-358.1168675810799,
-354.94961074799085,
-362.61606682338027,
-338.4302270640819,
-346.98943532796346,
-359.02324913095333,
-350.13220751964275,
-352.6779608122109,
-361.39651701864784,
-353.88476336477845,
-355.25042036718514,
-347.65774836409724,
-356.2457731756689,
-336.7735767225596,
-356.8116173326773,
-357.71842073742766,
-351.15729489636516,
-345.7597098876242,
-359.9015270695966,
-350.19489356799056,
-351.51691498536337,
-367.0104901701947,
-364.3361999889425,
-339.3579881235664,
-363.60463991930885,
-362.2666759540325,
-344.3747746591642,
-354.60083635482613,
-329.0054764052539,
-357.9816282771577,
-349.79399085648294,
-341.8126011627577,
-340.938353990908,
-358.55619457197616,
-352.86800424061016,
-357.97300344374537,
-360.7240435334842,
-345.06141862098,
-348.71052388434754,
-351.96527054505884,
-335.46427859514563,
-359.4976935062976,
-367.70821869872196,
-340.5223946765195,
-337.9461766723777,
-353.0612549868637,
-359.258401028938,
-361.8017611574757,
-345.2776698630508,
-349.9603172142168,
-353.4501877556871,
-342.9214225646364,
-350.6592203235624,
-356.07601621893434,
-356.2603028358356,
-353.8628078110622,
-355.30447492705923,
-352.89335682362264,
-349.72111790900317,
-356.20973614969546,
-342.0795535030005,
-363.2680350785995,
-332.3882629100533,
-346.64241536547235,
-353.83792938380793,
-347.8624674515689,
-356.2721722054337,
-361.1599503297465,
-368.470354401127,
-351.43293968629985,
-360.8972591142572,
-356.9632860626206,
-353.8861639033404,
-365.48544544530506,
-340.2716764675664,
-362.1410853127427,
-360.25757666903326,
-333.2721269243871,
-364.15181693033185,
-346.72215327379433,
-344.896039513289,
-353.49834943538855,
-357.1213767261619,
-350.79219817750254,
-335.3927484158246,
-343.99491987044604,
-343.58515762197896,
-358.54981679798186,
-354.3643327614923,
-351.2131950185702,
-345.94606863264033,
-346.89707129064345,
-344.88488975720736,
-344.6297602191883,
-356.9654384080706,
-351.4389940112958,
-341.14598771031,
-350.65440457143626,
-348.6979062599597,
-347.72765812345995,
-348.0137744163653,
-350.5206435556123,
-356.7792226611394,
-348.7456027843058,
-354.16228678439313,
-349.0603244442353,
-354.7119240065932,
-332.72762292799587,
-360.1870695923409,
-363.333024659962,
-352.2063450496869,
-364.5388876542407,
-357.9529756657113,
-342.89991037119864,
-354.96731262242224,
-364.8937130321743,
-347.7843285555297,
-350.5855774344508,
-357.99535778765573,
-343.2384078397455,
-360.7493701554542,
-338.32313874788946,
-353.6215699402067,
-364.21934671798743,
-359.1972324532764,
-350.0008917253976,
-348.07715849981724,
-359.3860552278167,
-343.8144252434087,
-365.0300692973011,
-356.15361921262786,
-359.4036117455316,
-349.9602731207933,
-351.21303573889514,
-345.7657351208564,
-335.80785354882147,
-347.84166326361753,
-339.6616165886884,
-350.41756132194917,
-344.2656485775841,
-352.7969830003078,
-368.95970283627645,
-359.68003157894526,
-342.98790471880613,
-344.33532589521093,
-322.0253194589906,
-350.8258502885116,
-350.7836387999462,
-333.46146499992193,
-357.88205404340533,
-354.9967202969777,
-349.22417513823456,
-348.67576798451336,
-359.4070172785757,
-353.20150230064485,
-356.0799342624912,
-366.79961579283895,
-363.2071611488839,
-349.52357289101985,
-342.01687829606846,
-352.73699242722034,
-348.69917634463695,
-363.3733725274869,
-358.9518957735164,
-353.9004492502974,
-365.089198814217,
-342.2243507601876,
-339.1641707945221,
-344.47698135723283,
-348.14330491716316,
-361.7843306491502,
-366.8782561742829,
-347.1948384176345,
-333.1671958822873,
-357.08017076942804,
-357.1243950422977,
-349.7038834593644,
-324.9831764150164,
-353.6754163629211,
-359.24025268032835,
-363.6211182713809,
-341.5203198748239,
-348.15558407380956,
-349.78274242085644,
-362.16221625702894,
-360.6406580291872,
-362.01696778684675,
-349.7529788647422,
-350.0722345690318,
-356.19450186944295,
-350.03476108212527,
-355.6486659122388,
-366.1544663868704,
-339.4186790324567,
-361.63676388060895,
-348.80405756603625,
-357.7989869606828,
-357.606069765377,
-353.548757010607,
-347.9337207410144,
-363.25150223415886,
-350.6160260616141,
-358.4723516291056,
-342.263526805527,
-355.4791135261311,
-354.7284233242066,
-364.8848171294534,
-330.280451211137,
-346.0441570556526,
-325.0038399046406,
-359.0753390787816,
-364.6413065134666,
-337.15080585968155,
-346.1072476392889,
-345.65406046275587,
-362.04444781431573,
-347.13365364423606,
-349.70695468157237,
-351.94699906204403,
-350.552585541179,
-342.6904243061499,
-360.4136705280756,
-343.99929550263823,
-353.5464243033348,
-355.61780643398754,
-366.1531106478457,
-357.9489796929094,
-354.8136940422102,
-336.71473393487565,
-353.1983048241755,
-341.8880874604817,
-354.10764410669606,
-353.859365361513,
-369.0802855372756,
-351.01801636809125,
-363.3312022630309,
-353.3131253196357,
-351.94916253581715,
-349.56407586117314,
-350.64387645892305,
-353.8018360623572,
-344.28374778940196,
-343.7561814303553,
-364.29664310622445,
-354.96450216791834,
-351.25128780298627,
-347.0257929864089,
-328.61154734797606,
-342.0125993167365,
-338.5910765453482,
-343.49378260255367,
-344.1491005572551,
-344.9644151898152,
-347.00050485605004,
-353.4151825811283,
-346.01894583850066,
-340.0177979851567,
-345.1669804984289]
